8.626675767525965E-99
1.731804220579057E-7
1.538186797864907E-229
9.907843052900034E-13
4.394621189014837E-49
0.0
5.020800804578996E-11
1.5144175906680644E-100
0.09573128525317957
9.872944358771143E-166
0.08521007811761289
0.0
0.1039281084075191
0.0
2.755104393698037E-75
1.0449333844691169E-133
1.3563823965952057E-11
6.389952677374715E-20
2.598615446373105E-124
2.9808623716506805E-4
5.643931476901747E-100
1.4110656850086875E-128
7.71835878276058E-139
1.3140705542355595E-101
0.0
0.0
1.311925819683539E-119
8.358070767244156E-165
4.325437836420237E-6
1.02778511775334E-99
0.09572695721674987
3.532440735752265E-98
0.19014644152779997
1.1947771247290761E-8
1.5207075378399412E-164
7.742764216616561E-58
1.761520073261678E-79
4.89302922672259E-7
3.58235943637756E-8
0.0016446177458910134
0.8615685675777676
1.0
