1.5328220838483865E-52
1.0
2.8047353344067933E-142
2.3547944985565276E-50
7.245231668723275E-50
1.5E-322
7.19682175313482E-49
5.027634356915052E-48
1.2942907913703435E-6
2.4099359676212042E-50
1.7023624945528656E-47
2.0887601454119644E-49
1.2328123259680629E-42
3.2391218490947107E-119
1.425172779437935E-49
3.7811466042480866E-46
3.0703864067357017E-4
8.976009519496764E-52
7.014292564795644E-62
1.908185896051431E-43
4.941444808168742E-74
4.741801457967271E-53
1.7647308743710217E-69
4.1145908858479206E-77
1.619309603649869E-111
3.7719068039568387E-75
1.370474951238266E-49
2.35510027502381E-49
2.7304232819875642E-45
5.0850555093487884E-48
2.0795886278774748E-48
8.621233068810674E-53
6.908242149973275E-52
0.0019836721717341774
5.204737673984765E-53
2.5938850277201904E-104
1.0982036956300967E-6
7.559593621084783E-50
0.5323341459584913
5.96836872095349E-43
3.0628281522963114E-43
5.331858106046643E-48
